RTP
0 0 0.72
0 15 0.73
0 30 0.72
0 45 0.93
1 0 0.88
1 15 0.76
1 30 0.81
1 45 0.76
2 0 0.83
2 15 0.94
2 30 0.91
2 45 0.88
3 0 0.9
3 15 0.89
3 30 0.86
3 45 0.73
4 0 0.81
4 15 0.74
4 30 0.73
4 45 0.78
5 0 0.73
5 15 0.86
5 30 0.87
5 45 0.82
6 0 0.8
6 15 0.7
6 30 0.81
6 45 0.9
7 0 1
7 15 1
7 30 1
7 45 1
8 0 1
8 15 1
8 30 1
8 45 1
9 0 1
9 15 1
9 30 1
9 45 1
10 0 1
10 15 1
10 30 1
10 45 1
11 0 1
11 15 1
11 30 1
11 45 1
12 0 1
12 15 1
12 30 1
12 45 1
13 0 1
13 15 1
13 30 1
13 45 1
14 0 1
14 15 1
14 30 1
14 45 1
15 0 1.34
15 15 1.2
15 30 1.21
15 45 1.49
16 0 1.44
16 15 1.45
16 30 1.47
16 45 1.24
17 0 1.37
17 15 1.43
17 30 1.32
17 45 1.28
18 0 1.47
18 15 1.16
18 30 1.22
18 45 1.1
19 0 1.05
19 15 1.23
19 30 1.24
19 45 1.24
20 0 1.26
20 15 1.11
20 30 1.28
20 45 1.01
21 0 1.04
21 15 1.08
21 30 1.12
21 45 1.13
22 0 1
22 15 1
22 30 1
22 45 1
23 0 1
23 15 1
23 30 1
23 45 1
