TOU
0 0 0.7
0 15 0.7
0 30 0.7
0 45 0.7
1 0 0.7
1 15 0.7
1 30 0.7
1 45 0.7
2 0 0.7
2 15 0.7
2 30 0.7
2 45 0.7
3 0 0.7
3 15 0.7
3 30 0.7
3 45 0.7
4 0 0.7
4 15 0.7
4 30 0.7
4 45 0.7
5 0 0.7
5 15 0.7
5 30 0.7
5 45 0.7
6 0 1
6 15 1
6 30 1
6 45 1
7 0 1
7 15 1
7 30 1
7 45 1
8 0 1
8 15 1
8 30 1
8 45 1
9 0 1
9 15 1
9 30 1
9 45 1
10 0 1
10 15 1
10 30 1
10 45 1
11 0 1
11 15 1
11 30 1
11 45 1
12 0 1
12 15 1
12 30 1
12 45 1
13 0 1
13 15 1
13 30 1
13 45 1
14 0 1
14 15 1
14 30 1
14 45 1
15 0 1
15 15 1
15 30 1
15 45 1
16 0 1
16 15 1
16 30 1
16 45 1
17 0 1
17 15 1
17 30 1
17 45 1
18 0 1
18 15 1
18 30 1
18 45 1
19 0 1
19 15 1
19 30 1
19 45 1
20 0 1
20 15 1
20 30 1
20 45 1
21 0 0.7
21 15 0.7
21 30 0.7
21 45 0.7
22 0 0.7
22 15 0.7
22 30 0.7
22 45 0.7
23 0 0.7
23 15 0.7
23 30 0.7
23 45 0.7
